 1.0000000  0.0000000  0.0000000 0.00388944 1.57079633 0.00000000
-1.0000000  0.0000000  0.0000000 0.00388944 1.57079633 3.14159265
 0.0000000  1.0000000  0.0000000 0.00388944 1.57079633 1.57079633
 0.0000000 -1.0000000  0.0000000 0.00388944 1.57079633 4.71238898
 0.0000000  0.0000000  1.0000000 0.00388944 0.00000000 0.00000000
 0.0000000  0.0000000 -1.0000000 0.00388944 3.14159265 0.00000000
 0.5773503  0.5773503  0.5773503 0.02327769 0.95531662 0.78539816
-0.5773503  0.5773503  0.5773503 0.02327769 0.95531662 2.35619449
 0.5773503 -0.5773503  0.5773503 0.02327769 0.95531662 5.49778714
 0.5773503  0.5773503 -0.5773503 0.02327769 2.18627604 0.78539816
-0.5773503 -0.5773503  0.5773503 0.02327769 0.95531662 3.92699082
 0.5773503 -0.5773503 -0.5773503 0.02327769 2.18627604 5.49778714
-0.5773503  0.5773503 -0.5773503 0.02327769 2.18627604 2.35619449
-0.5773503 -0.5773503 -0.5773503 0.02327769 2.18627604 3.92699082
 0.7040955  0.7040955  0.0921904 0.02352161 1.47847483 0.78539816
-0.7040955  0.7040955  0.0921904 0.02352161 1.47847483 2.35619449
 0.7040955 -0.7040955  0.0921904 0.02352161 1.47847483 5.49778714
 0.7040955  0.7040955 -0.0921904 0.02352161 1.66311782 0.78539816
-0.7040955 -0.7040955  0.0921904 0.02352161 1.47847483 3.92699082
-0.7040955  0.7040955 -0.0921904 0.02352161 1.66311782 2.35619449
 0.7040955 -0.7040955 -0.0921904 0.02352161 1.66311782 5.49778714
-0.7040955 -0.7040955 -0.0921904 0.02352161 1.66311782 3.92699082
-0.7040955  0.0921904  0.7040955 0.02352161 0.78964775 3.01139877
 0.7040955 -0.0921904  0.7040955 0.02352161 0.78964775 6.15299142
 0.7040955  0.0921904 -0.7040955 0.02352161 2.35194490 0.13019389
-0.7040955 -0.0921904  0.7040955 0.02352161 0.78964775 3.27178654
-0.7040955  0.0921904 -0.7040955 0.02352161 2.35194490 3.01139877
 0.7040955 -0.0921904 -0.7040955 0.02352161 2.35194490 6.15299142
-0.7040955 -0.0921904 -0.7040955 0.02352161 2.35194490 3.27178654
 0.7040955  0.0921904  0.7040955 0.02352161 0.78964775 0.13019389
 0.0921904  0.7040955  0.7040955 0.02352161 0.78964775 1.44060244
-0.0921904  0.7040955  0.7040955 0.02352161 0.78964775 1.70099021
 0.0921904 -0.7040955  0.7040955 0.02352161 0.78964775 4.84258287
 0.0921904  0.7040955 -0.7040955 0.02352161 2.35194490 1.44060244
-0.0921904 -0.7040955  0.7040955 0.02352161 0.78964775 4.58219510
-0.0921904  0.7040955 -0.7040955 0.02352161 2.35194490 1.70099021
 0.0921904 -0.7040955 -0.7040955 0.02352161 2.35194490 4.84258287
-0.0921904 -0.7040955 -0.7040955 0.02352161 2.35194490 4.58219510
 0.6807744  0.6807744  0.2703561 0.02335853 1.29703345 0.78539816
-0.6807744  0.6807744  0.2703561 0.02335853 1.29703345 2.35619449
 0.6807744 -0.6807744  0.2703561 0.02335853 1.29703345 5.49778714
 0.6807744  0.6807744 -0.2703561 0.02335853 1.84455920 0.78539816
-0.6807744 -0.6807744  0.2703561 0.02335853 1.29703345 3.92699082
-0.6807744  0.6807744 -0.2703561 0.02335853 1.84455920 2.35619449
 0.6807744 -0.6807744 -0.2703561 0.02335853 1.84455920 5.49778714
-0.6807744 -0.6807744 -0.2703561 0.02335853 1.84455920 3.92699082
-0.6807744  0.2703561  0.6807744 0.02335853 0.82197699 2.76356267
 0.6807744 -0.2703561  0.6807744 0.02335853 0.82197699 5.90515533
 0.6807744  0.2703561 -0.6807744 0.02335853 2.31961566 0.37802998
-0.6807744 -0.2703561  0.6807744 0.02335853 0.82197699 3.51962263
-0.6807744  0.2703561 -0.6807744 0.02335853 2.31961566 2.76356267
 0.6807744 -0.2703561 -0.6807744 0.02335853 2.31961566 5.90515533
-0.6807744 -0.2703561 -0.6807744 0.02335853 2.31961566 3.51962263
 0.6807744  0.2703561  0.6807744 0.02335853 0.82197699 0.37802998
 0.2703561  0.6807744  0.6807744 0.02335853 0.82197699 1.19276635
-0.2703561  0.6807744  0.6807744 0.02335853 0.82197699 1.94882631
 0.2703561 -0.6807744  0.6807744 0.02335853 0.82197699 5.09041896
 0.2703561  0.6807744 -0.6807744 0.02335853 2.31961566 1.19276635
-0.2703561 -0.6807744  0.6807744 0.02335853 0.82197699 4.33435900
-0.2703561  0.6807744 -0.6807744 0.02335853 2.31961566 1.94882631
 0.2703561 -0.6807744 -0.6807744 0.02335853 2.31961566 5.09041896
-0.2703561 -0.6807744 -0.6807744 0.02335853 2.31961566 4.33435900
 0.6372547  0.6372547  0.4333739 0.02327328 1.12256321 0.78539816
-0.6372547  0.6372547  0.4333739 0.02327328 1.12256321 2.35619449
 0.6372547 -0.6372547  0.4333739 0.02327328 1.12256321 5.49778714
 0.6372547  0.6372547 -0.4333739 0.02327328 2.01902944 0.78539816
-0.6372547 -0.6372547  0.4333739 0.02327328 1.12256321 3.92699082
-0.6372547  0.6372547 -0.4333739 0.02327328 2.01902944 2.35619449
 0.6372547 -0.6372547 -0.4333739 0.02327328 2.01902944 5.49778714
-0.6372547 -0.6372547 -0.4333739 0.02327328 2.01902944 3.92699082
-0.6372547  0.4333739  0.6372547 0.02327328 0.87986564 2.54437235
 0.6372547 -0.4333739  0.6372547 0.02327328 0.87986564 5.68596500
 0.6372547  0.4333739 -0.6372547 0.02327328 2.26172701 0.59722031
-0.6372547 -0.4333739  0.6372547 0.02327328 0.87986564 3.73881296
-0.6372547  0.4333739 -0.6372547 0.02327328 2.26172701 2.54437235
 0.6372547 -0.4333739 -0.6372547 0.02327328 2.26172701 5.68596500
-0.6372547 -0.4333739 -0.6372547 0.02327328 2.26172701 3.73881296
 0.6372547  0.4333739  0.6372547 0.02327328 0.87986564 0.59722031
 0.4333739  0.6372547  0.6372547 0.02327328 0.87986564 0.97357602
-0.4333739  0.6372547  0.6372547 0.02327328 0.87986564 2.16801663
 0.4333739 -0.6372547  0.6372547 0.02327328 0.87986564 5.30960929
 0.4333739  0.6372547 -0.6372547 0.02327328 2.26172701 0.97357602
-0.4333739 -0.6372547  0.6372547 0.02327328 0.87986564 4.11516868
-0.4333739  0.6372547 -0.6372547 0.02327328 2.26172701 2.16801663
 0.4333739 -0.6372547 -0.6372547 0.02327328 2.26172701 5.30960929
-0.4333739 -0.6372547 -0.6372547 0.02327328 2.26172701 4.11516868
 0.5044420  0.5044420  0.7007686 0.02320652 0.79432204 0.78539816
-0.5044420  0.5044420  0.7007686 0.02320652 0.79432204 2.35619449
 0.5044420 -0.5044420  0.7007686 0.02320652 0.79432204 5.49778714
 0.5044420  0.5044420 -0.7007686 0.02320652 2.34727061 0.78539816
-0.5044420 -0.5044420  0.7007686 0.02320652 0.79432204 3.92699082
-0.5044420  0.5044420 -0.7007686 0.02320652 2.34727061 2.35619449
 0.5044420 -0.5044420 -0.7007686 0.02320652 2.34727061 5.49778714
-0.5044420 -0.5044420 -0.7007686 0.02320652 2.34727061 3.92699082
-0.5044420  0.7007686  0.5044420 0.02320652 1.04206077 2.19471467
 0.5044420 -0.7007686  0.5044420 0.02320652 1.04206077 5.33630733
 0.5044420  0.7007686 -0.5044420 0.02320652 2.09953189 0.94687798
-0.5044420 -0.7007686  0.5044420 0.02320652 1.04206077 4.08847063
-0.5044420  0.7007686 -0.5044420 0.02320652 2.09953189 2.19471467
 0.5044420 -0.7007686 -0.5044420 0.02320652 2.09953189 5.33630733
-0.5044420 -0.7007686 -0.5044420 0.02320652 2.09953189 4.08847063
 0.5044420  0.7007686  0.5044420 0.02320652 1.04206077 0.94687798
 0.7007686  0.5044420  0.5044420 0.02320652 1.04206077 0.62391835
-0.7007686  0.5044420  0.5044420 0.02320652 1.04206077 2.51767431
 0.7007686 -0.5044420  0.5044420 0.02320652 1.04206077 5.65926696
 0.7007686  0.5044420 -0.5044420 0.02320652 2.09953189 0.62391835
-0.7007686 -0.5044420  0.5044420 0.02320652 1.04206077 3.76551100
-0.7007686  0.5044420 -0.5044420 0.02320652 2.09953189 2.51767431
 0.7007686 -0.5044420 -0.5044420 0.02320652 2.09953189 5.65926696
-0.7007686 -0.5044420 -0.5044420 0.02320652 2.09953189 3.76551100
 0.4215762  0.4215762  0.8028369 0.02285159 0.63875796 0.78539816
-0.4215762  0.4215762  0.8028369 0.02285159 0.63875796 2.35619449
 0.4215762 -0.4215762  0.8028369 0.02285159 0.63875796 5.49778714
 0.4215762  0.4215762 -0.8028369 0.02285159 2.50283469 0.78539816
-0.4215762 -0.4215762  0.8028369 0.02285159 0.63875796 3.92699082
-0.4215762  0.4215762 -0.8028369 0.02285159 2.50283469 2.35619449
 0.4215762 -0.4215762 -0.8028369 0.02285159 2.50283469 5.49778714
-0.4215762 -0.4215762 -0.8028369 0.02285159 2.50283469 3.92699082
-0.4215762  0.8028369  0.4215762 0.02285159 1.13561352 2.05432810
 0.4215762 -0.8028369  0.4215762 0.02285159 1.13561352 5.19592075
 0.4215762  0.8028369 -0.4215762 0.02285159 2.00597914 1.08726456
-0.4215762 -0.8028369  0.4215762 0.02285159 1.13561352 4.22885721
-0.4215762  0.8028369 -0.4215762 0.02285159 2.00597914 2.05432810
 0.4215762 -0.8028369 -0.4215762 0.02285159 2.00597914 5.19592075
-0.4215762 -0.8028369 -0.4215762 0.02285159 2.00597914 4.22885721
 0.4215762  0.8028369  0.4215762 0.02285159 1.13561352 1.08726456
 0.8028369  0.4215762  0.4215762 0.02285159 1.13561352 0.48353177
-0.8028369  0.4215762  0.4215762 0.02285159 1.13561352 2.65806088
 0.8028369 -0.4215762  0.4215762 0.02285159 1.13561352 5.79965354
 0.8028369  0.4215762 -0.4215762 0.02285159 2.00597914 0.48353177
-0.8028369 -0.4215762  0.4215762 0.02285159 1.13561352 3.62512442
-0.8028369  0.4215762 -0.4215762 0.02285159 2.00597914 2.65806088
 0.8028369 -0.4215762 -0.4215762 0.02285159 2.00597914 5.79965354
-0.8028369 -0.4215762 -0.4215762 0.02285159 2.00597914 3.62512442
 0.3317921  0.3317921  0.8830787 0.02198568 0.48841279 0.78539816
-0.3317921  0.3317921  0.8830787 0.02198568 0.48841279 2.35619449
 0.3317921 -0.3317921  0.8830787 0.02198568 0.48841279 5.49778714
 0.3317921  0.3317921 -0.8830787 0.02198568 2.65317986 0.78539816
-0.3317921 -0.3317921  0.8830787 0.02198568 0.48841279 3.92699082
-0.3317921  0.3317921 -0.8830787 0.02198568 2.65317986 2.35619449
 0.3317921 -0.3317921 -0.8830787 0.02198568 2.65317986 5.49778714
-0.3317921 -0.3317921 -0.8830787 0.02198568 2.65317986 3.92699082
-0.3317921  0.8830787  0.3317921 0.02198568 1.23259370 1.93019980
 0.3317921 -0.8830787  0.3317921 0.02198568 1.23259370 5.07179245
 0.3317921  0.8830787 -0.3317921 0.02198568 1.90899895 1.21139285
-0.3317921 -0.8830787  0.3317921 0.02198568 1.23259370 4.35298551
-0.3317921  0.8830787 -0.3317921 0.02198568 1.90899895 1.93019980
 0.3317921 -0.8830787 -0.3317921 0.02198568 1.90899895 5.07179245
-0.3317921 -0.8830787 -0.3317921 0.02198568 1.90899895 4.35298551
 0.3317921  0.8830787  0.3317921 0.02198568 1.23259370 1.21139285
 0.8830787  0.3317921  0.3317921 0.02198568 1.23259370 0.35940347
-0.8830787  0.3317921  0.3317921 0.02198568 1.23259370 2.78218918
 0.8830787 -0.3317921  0.3317921 0.02198568 1.23259370 5.92378183
 0.8830787  0.3317921 -0.3317921 0.02198568 1.90899895 0.35940347
-0.8830787 -0.3317921  0.3317921 0.02198568 1.23259370 3.50099613
-0.8830787  0.3317921 -0.3317921 0.02198568 1.90899895 2.78218918
 0.8830787 -0.3317921 -0.3317921 0.02198568 1.90899895 5.92378183
-0.8830787 -0.3317921 -0.3317921 0.02198568 1.90899895 3.50099613
 0.2384737  0.2384737  0.9414142 0.02032247 0.34399710 0.78539816
-0.2384737  0.2384737  0.9414142 0.02032247 0.34399710 2.35619449
 0.2384737 -0.2384737  0.9414142 0.02032247 0.34399710 5.49778714
 0.2384737  0.2384737 -0.9414142 0.02032247 2.79759556 0.78539816
-0.2384737 -0.2384737  0.9414142 0.02032247 0.34399710 3.92699082
-0.2384737  0.2384737 -0.9414142 0.02032247 2.79759556 2.35619449
 0.2384737 -0.2384737 -0.9414142 0.02032247 2.79759556 5.49778714
-0.2384737 -0.2384737 -0.9414142 0.02032247 2.79759556 3.92699082
-0.2384737  0.9414142  0.2384737 0.02032247 1.33000245 1.81889189
 0.2384737 -0.9414142  0.2384737 0.02032247 1.33000245 4.96048455
 0.2384737  0.9414142 -0.2384737 0.02032247 1.81159020 1.32270076
-0.2384737 -0.9414142  0.2384737 0.02032247 1.33000245 4.46429342
-0.2384737  0.9414142 -0.2384737 0.02032247 1.81159020 1.81889189
 0.2384737 -0.9414142 -0.2384737 0.02032247 1.81159020 4.96048455
-0.2384737 -0.9414142 -0.2384737 0.02032247 1.81159020 4.46429342
 0.2384737  0.9414142  0.2384737 0.02032247 1.33000245 1.32270076
 0.9414142  0.2384737  0.2384737 0.02032247 1.33000245 0.24809557
-0.9414142  0.2384737  0.2384737 0.02032247 1.33000245 2.89349709
 0.9414142 -0.2384737  0.2384737 0.02032247 1.33000245 6.03508974
 0.9414142  0.2384737 -0.2384737 0.02032247 1.81159020 0.24809557
-0.9414142 -0.2384737  0.2384737 0.02032247 1.33000245 3.38968822
-0.9414142  0.2384737 -0.2384737 0.02032247 1.81159020 2.89349709
 0.9414142 -0.2384737 -0.2384737 0.02032247 1.81159020 6.03508974
-0.9414142 -0.2384737 -0.2384737 0.02032247 1.81159020 3.38968822
 0.1459036  0.1459036  0.9784806 0.01740112 0.20783187 0.78539816
-0.1459036  0.1459036  0.9784806 0.01740112 0.20783187 2.35619449
 0.1459036 -0.1459036  0.9784806 0.01740112 0.20783187 5.49778714
 0.1459036  0.1459036 -0.9784806 0.01740112 2.93376078 0.78539816
-0.1459036 -0.1459036  0.9784806 0.01740112 0.20783187 3.92699082
-0.1459036  0.1459036 -0.9784806 0.01740112 2.93376078 2.35619449
 0.1459036 -0.1459036 -0.9784806 0.01740112 2.93376078 5.49778714
-0.1459036 -0.1459036 -0.9784806 0.01740112 2.93376078 3.92699082
-0.1459036  0.9784806  0.1459036 0.01740112 1.42437000 1.71881815
 0.1459036 -0.9784806  0.1459036 0.01740112 1.42437000 4.86041080
 0.1459036  0.9784806 -0.1459036 0.01740112 1.71722266 1.42277450
-0.1459036 -0.9784806  0.1459036 0.01740112 1.42437000 4.56436716
-0.1459036  0.9784806 -0.1459036 0.01740112 1.71722266 1.71881815
 0.1459036 -0.9784806 -0.1459036 0.01740112 1.71722266 4.86041080
-0.1459036 -0.9784806 -0.1459036 0.01740112 1.71722266 4.56436716
 0.1459036  0.9784806  0.1459036 0.01740112 1.42437000 1.42277450
 0.9784806  0.1459036  0.1459036 0.01740112 1.42437000 0.14802182
-0.9784806  0.1459036  0.1459036 0.01740112 1.42437000 2.99357083
 0.9784806 -0.1459036  0.1459036 0.01740112 1.42437000 6.13516348
 0.9784806  0.1459036 -0.1459036 0.01740112 1.71722266 0.14802182
-0.9784806 -0.1459036  0.1459036 0.01740112 1.42437000 3.28961448
-0.9784806  0.1459036 -0.1459036 0.01740112 1.71722266 2.99357083
 0.9784806 -0.1459036 -0.1459036 0.01740112 1.71722266 6.13516348
-0.9784806 -0.1459036 -0.1459036 0.01740112 1.71722266 3.28961448
 0.0609503  0.0609503  0.9962781 0.01227022 0.08630390 0.78539816
-0.0609503  0.0609503  0.9962781 0.01227022 0.08630390 2.35619449
 0.0609503 -0.0609503  0.9962781 0.01227022 0.08630390 5.49778714
 0.0609503  0.0609503 -0.9962781 0.01227022 3.05528876 0.78539816
-0.0609503 -0.0609503  0.9962781 0.01227022 0.08630390 3.92699082
-0.0609503  0.0609503 -0.9962781 0.01227022 3.05528876 2.35619449
 0.0609503 -0.0609503 -0.9962781 0.01227022 3.05528876 5.49778714
-0.0609503 -0.0609503 -0.9962781 0.01227022 3.05528876 3.92699082
-0.0609503  0.9962781  0.0609503 0.01227022 1.50980818 1.63189821
 0.0609503 -0.9962781  0.0609503 0.01227022 1.50980818 4.77349086
 0.0609503  0.9962781 -0.0609503 0.01227022 1.63178447 1.50969444
-0.0609503 -0.9962781  0.0609503 0.01227022 1.50980818 4.65128710
-0.0609503  0.9962781 -0.0609503 0.01227022 1.63178447 1.63189821
 0.0609503 -0.9962781 -0.0609503 0.01227022 1.63178447 4.77349086
-0.0609503 -0.9962781 -0.0609503 0.01227022 1.63178447 4.65128710
 0.0609503  0.9962781  0.0609503 0.01227022 1.50980818 1.50969444
 0.9962781  0.0609503  0.0609503 0.01227022 1.50980818 0.06110188
-0.9962781  0.0609503  0.0609503 0.01227022 1.50980818 3.08049077
 0.9962781 -0.0609503  0.0609503 0.01227022 1.50980818 6.22208342
 0.9962781  0.0609503 -0.0609503 0.01227022 1.63178447 0.06110188
-0.9962781 -0.0609503  0.0609503 0.01227022 1.50980818 3.20269454
-0.9962781  0.0609503 -0.0609503 0.01227022 1.63178447 3.08049077
 0.9962781 -0.0609503 -0.0609503 0.01227022 1.63178447 6.22208342
-0.9962781 -0.0609503 -0.0609503 0.01227022 1.63178447 3.20269454
 0.6116843  0.7911019  0.0000000 0.02333778 1.57079633 0.91260837
-0.6116843  0.7911019  0.0000000 0.02333778 1.57079633 2.22898428
 0.6116843 -0.7911019  0.0000000 0.02333778 1.57079633 5.37057693
-0.6116843 -0.7911019  0.0000000 0.02333778 1.57079633 4.05420103
 0.7911019  0.6116843  0.0000000 0.02333778 1.57079633 0.65818795
-0.7911019  0.6116843  0.0000000 0.02333778 1.57079633 2.48340470
 0.7911019 -0.6116843  0.0000000 0.02333778 1.57079633 5.62499735
-0.7911019 -0.6116843  0.0000000 0.02333778 1.57079633 3.79978061
 0.6116843  0.0000000  0.7911019 0.02333778 0.65818795 0.00000000
-0.6116843  0.0000000  0.7911019 0.02333778 0.65818795 3.14159265
 0.6116843  0.0000000 -0.7911019 0.02333778 2.48340470 0.00000000
-0.6116843  0.0000000 -0.7911019 0.02333778 2.48340470 3.14159265
 0.7911019  0.0000000  0.6116843 0.02333778 0.91260837 0.00000000
-0.7911019  0.0000000  0.6116843 0.02333778 0.91260837 3.14159265
 0.7911019  0.0000000 -0.6116843 0.02333778 2.22898428 0.00000000
-0.7911019  0.0000000 -0.6116843 0.02333778 2.22898428 3.14159265
 0.0000000  0.6116843  0.7911019 0.02333778 0.65818795 1.57079633
 0.0000000 -0.6116843  0.7911019 0.02333778 0.65818795 4.71238898
 0.0000000  0.6116843 -0.7911019 0.02333778 2.48340470 1.57079633
 0.0000000 -0.6116843 -0.7911019 0.02333778 2.48340470 4.71238898
 0.0000000  0.7911019  0.6116843 0.02333778 0.91260837 1.57079633
 0.0000000 -0.7911019  0.6116843 0.02333778 0.91260837 4.71238898
 0.0000000  0.7911019 -0.6116843 0.02333778 2.22898428 1.57079633
 0.0000000 -0.7911019 -0.6116843 0.02333778 2.22898428 4.71238898
 0.3964755  0.9180453  0.0000000 0.02142760 1.57079633 1.16312178
-0.3964755  0.9180453  0.0000000 0.02142760 1.57079633 1.97847088
 0.3964755 -0.9180453  0.0000000 0.02142760 1.57079633 5.12006353
-0.3964755 -0.9180453  0.0000000 0.02142760 1.57079633 4.30471443
 0.9180453  0.3964755  0.0000000 0.02142760 1.57079633 0.40767455
-0.9180453  0.3964755  0.0000000 0.02142760 1.57079633 2.73391810
 0.9180453 -0.3964755  0.0000000 0.02142760 1.57079633 5.87551076
-0.9180453 -0.3964755  0.0000000 0.02142760 1.57079633 3.54926721
 0.3964755  0.0000000  0.9180453 0.02142760 0.40767455 0.00000000
-0.3964755  0.0000000  0.9180453 0.02142760 0.40767455 3.14159265
 0.3964755  0.0000000 -0.9180453 0.02142760 2.73391810 0.00000000
-0.3964755  0.0000000 -0.9180453 0.02142760 2.73391810 3.14159265
 0.9180453  0.0000000  0.3964755 0.02142760 1.16312178 0.00000000
-0.9180453  0.0000000  0.3964755 0.02142760 1.16312178 3.14159265
 0.9180453  0.0000000 -0.3964755 0.02142760 1.97847088 0.00000000
-0.9180453  0.0000000 -0.3964755 0.02142760 1.97847088 3.14159265
 0.0000000  0.3964755  0.9180453 0.02142760 0.40767455 1.57079633
 0.0000000 -0.3964755  0.9180453 0.02142760 0.40767455 4.71238898
 0.0000000  0.3964755 -0.9180453 0.02142760 2.73391810 1.57079633
 0.0000000 -0.3964755 -0.9180453 0.02142760 2.73391810 4.71238898
 0.0000000  0.9180453  0.3964755 0.02142760 1.16312178 1.57079633
 0.0000000 -0.9180453  0.3964755 0.02142760 1.16312178 4.71238898
 0.0000000  0.9180453 -0.3964755 0.02142760 1.97847088 1.57079633
 0.0000000 -0.9180453 -0.3964755 0.02142760 1.97847088 4.71238898
 0.1724782  0.9850133  0.0000000 0.01634032 1.57079633 1.39745130
-0.1724782  0.9850133  0.0000000 0.01634032 1.57079633 1.74414135
 0.1724782 -0.9850133  0.0000000 0.01634032 1.57079633 4.88573400
-0.1724782 -0.9850133  0.0000000 0.01634032 1.57079633 4.53904396
 0.9850133  0.1724782  0.0000000 0.01634032 1.57079633 0.17334502
-0.9850133  0.1724782  0.0000000 0.01634032 1.57079633 2.96824763
 0.9850133 -0.1724782  0.0000000 0.01634032 1.57079633 6.10984028
-0.9850133 -0.1724782  0.0000000 0.01634032 1.57079633 3.31493768
 0.1724782  0.0000000  0.9850133 0.01634032 0.17334502 0.00000000
-0.1724782  0.0000000  0.9850133 0.01634032 0.17334502 3.14159265
 0.1724782  0.0000000 -0.9850133 0.01634032 2.96824763 0.00000000
-0.1724782  0.0000000 -0.9850133 0.01634032 2.96824763 3.14159265
 0.9850133  0.0000000  0.1724782 0.01634032 1.39745130 0.00000000
-0.9850133  0.0000000  0.1724782 0.01634032 1.39745130 3.14159265
 0.9850133  0.0000000 -0.1724782 0.01634032 1.74414135 0.00000000
-0.9850133  0.0000000 -0.1724782 0.01634032 1.74414135 3.14159265
 0.0000000  0.1724782  0.9850133 0.01634032 0.17334502 1.57079633
 0.0000000 -0.1724782  0.9850133 0.01634032 0.17334502 4.71238898
 0.0000000  0.1724782 -0.9850133 0.01634032 2.96824763 1.57079633
 0.0000000 -0.1724782 -0.9850133 0.01634032 2.96824763 4.71238898
 0.0000000  0.9850133  0.1724782 0.01634032 1.39745130 1.57079633
 0.0000000 -0.9850133  0.1724782 0.01634032 1.39745130 4.71238898
 0.0000000  0.9850133 -0.1724782 0.01634032 1.74414135 1.57079633
 0.0000000 -0.9850133 -0.1724782 0.01634032 1.74414135 4.71238898
 0.5610264  0.3518281  0.7493106 0.02315814 0.72377589 0.56011881
-0.5610264  0.3518281  0.7493106 0.02315814 0.72377589 2.58147384
 0.5610264 -0.3518281  0.7493106 0.02315814 0.72377589 5.72306650
 0.5610264  0.3518281 -0.7493106 0.02315814 2.41781676 0.56011881
-0.5610264 -0.3518281  0.7493106 0.02315814 0.72377589 3.70171147
 0.5610264 -0.3518281 -0.7493106 0.02315814 2.41781676 5.72306650
-0.5610264  0.3518281 -0.7493106 0.02315814 2.41781676 2.58147384
-0.5610264 -0.3518281 -0.7493106 0.02315814 2.41781676 3.70171147
 0.3518281  0.5610264  0.7493106 0.02315814 0.72377589 1.01067751
-0.3518281  0.5610264  0.7493106 0.02315814 0.72377589 2.13091514
 0.3518281 -0.5610264  0.7493106 0.02315814 0.72377589 5.27250779
 0.3518281  0.5610264 -0.7493106 0.02315814 2.41781676 1.01067751
-0.3518281 -0.5610264  0.7493106 0.02315814 0.72377589 4.15227017
 0.3518281 -0.5610264 -0.7493106 0.02315814 2.41781676 5.27250779
-0.3518281  0.5610264 -0.7493106 0.02315814 2.41781676 2.13091514
-0.3518281 -0.5610264 -0.7493106 0.02315814 2.41781676 4.15227017
 0.7493106  0.5610264  0.3518281 0.02315814 1.21127298 0.64268358
-0.7493106  0.5610264  0.3518281 0.02315814 1.21127298 2.49890908
 0.7493106 -0.5610264  0.3518281 0.02315814 1.21127298 5.64050173
 0.7493106  0.5610264 -0.3518281 0.02315814 1.93031967 0.64268358
-0.7493106 -0.5610264  0.3518281 0.02315814 1.21127298 3.78427623
 0.7493106 -0.5610264 -0.3518281 0.02315814 1.93031967 5.64050173
-0.7493106  0.5610264 -0.3518281 0.02315814 1.93031967 2.49890908
-0.7493106 -0.5610264 -0.3518281 0.02315814 1.93031967 3.78427623
 0.7493106  0.3518281  0.5610264 0.02315814 0.97517115 0.43898054
-0.7493106  0.3518281  0.5610264 0.02315814 0.97517115 2.70261212
 0.7493106 -0.3518281  0.5610264 0.02315814 0.97517115 5.84420477
 0.7493106  0.3518281 -0.5610264 0.02315814 2.16642150 0.43898054
-0.7493106 -0.3518281  0.5610264 0.02315814 0.97517115 3.58057319
 0.7493106 -0.3518281 -0.5610264 0.02315814 2.16642150 5.84420477
-0.7493106  0.3518281 -0.5610264 0.02315814 2.16642150 2.70261212
-0.7493106 -0.3518281 -0.5610264 0.02315814 2.16642150 3.58057319
 0.5610264  0.7493106  0.3518281 0.02315814 1.21127298 0.92811275
-0.5610264  0.7493106  0.3518281 0.02315814 1.21127298 2.21347990
 0.5610264 -0.7493106  0.3518281 0.02315814 1.21127298 5.35507256
 0.5610264  0.7493106 -0.3518281 0.02315814 1.93031967 0.92811275
-0.5610264 -0.7493106  0.3518281 0.02315814 1.21127298 4.06970540
 0.5610264 -0.7493106 -0.3518281 0.02315814 1.93031967 5.35507256
-0.5610264  0.7493106 -0.3518281 0.02315814 1.93031967 2.21347990
-0.5610264 -0.7493106 -0.3518281 0.02315814 1.93031967 4.06970540
 0.3518281  0.7493106  0.5610264 0.02315814 0.97517115 1.13181579
-0.3518281  0.7493106  0.5610264 0.02315814 0.97517115 2.00977686
 0.3518281 -0.7493106  0.5610264 0.02315814 0.97517115 5.15136952
 0.3518281  0.7493106 -0.5610264 0.02315814 2.16642150 1.13181579
-0.3518281 -0.7493106  0.5610264 0.02315814 0.97517115 4.27340844
 0.3518281 -0.7493106 -0.5610264 0.02315814 2.16642150 5.15136952
-0.3518281  0.7493106 -0.5610264 0.02315814 2.16642150 2.00977686
-0.3518281 -0.7493106 -0.5610264 0.02315814 2.16642150 4.27340844
 0.4742393  0.2634717  0.8400475 0.02265288 0.57342558 0.50710720
-0.4742393  0.2634717  0.8400475 0.02265288 0.57342558 2.63448545
 0.4742393 -0.2634717  0.8400475 0.02265288 0.57342558 5.77607811
 0.4742393  0.2634717 -0.8400475 0.02265288 2.56816708 0.50710720
-0.4742393 -0.2634717  0.8400475 0.02265288 0.57342558 3.64869985
 0.4742393 -0.2634717 -0.8400475 0.02265288 2.56816708 5.77607811
-0.4742393  0.2634717 -0.8400475 0.02265288 2.56816708 2.63448545
-0.4742393 -0.2634717 -0.8400475 0.02265288 2.56816708 3.64869985
 0.2634717  0.4742393  0.8400475 0.02265288 0.57342558 1.06368913
-0.2634717  0.4742393  0.8400475 0.02265288 0.57342558 2.07790353
 0.2634717 -0.4742393  0.8400475 0.02265288 0.57342558 5.21949618
 0.2634717  0.4742393 -0.8400475 0.02265288 2.56816708 1.06368913
-0.2634717 -0.4742393  0.8400475 0.02265288 0.57342558 4.20528178
 0.2634717 -0.4742393 -0.8400475 0.02265288 2.56816708 5.21949618
-0.2634717  0.4742393 -0.8400475 0.02265288 2.56816708 2.07790353
-0.2634717 -0.4742393 -0.8400475 0.02265288 2.56816708 4.20528178
 0.8400475  0.4742393  0.2634717 0.02265288 1.30417706 0.51393677
-0.8400475  0.4742393  0.2634717 0.02265288 1.30417706 2.62765589
 0.8400475 -0.4742393  0.2634717 0.02265288 1.30417706 5.76924854
 0.8400475  0.4742393 -0.2634717 0.02265288 1.83741559 0.51393677
-0.8400475 -0.4742393  0.2634717 0.02265288 1.30417706 3.65552942
 0.8400475 -0.4742393 -0.2634717 0.02265288 1.83741559 5.76924854
-0.8400475  0.4742393 -0.2634717 0.02265288 1.83741559 2.62765589
-0.8400475 -0.4742393 -0.2634717 0.02265288 1.83741559 3.65552942
 0.8400475  0.2634717  0.4742393 0.02265288 1.07669656 0.30392221
-0.8400475  0.2634717  0.4742393 0.02265288 1.07669656 2.83767044
 0.8400475 -0.2634717  0.4742393 0.02265288 1.07669656 5.97926310
 0.8400475  0.2634717 -0.4742393 0.02265288 2.06489610 0.30392221
-0.8400475 -0.2634717  0.4742393 0.02265288 1.07669656 3.44551486
 0.8400475 -0.2634717 -0.4742393 0.02265288 2.06489610 5.97926310
-0.8400475  0.2634717 -0.4742393 0.02265288 2.06489610 2.83767044
-0.8400475 -0.2634717 -0.4742393 0.02265288 2.06489610 3.44551486
 0.4742393  0.8400475  0.2634717 0.02265288 1.30417706 1.05685956
-0.4742393  0.8400475  0.2634717 0.02265288 1.30417706 2.08473309
 0.4742393 -0.8400475  0.2634717 0.02265288 1.30417706 5.22632575
 0.4742393  0.8400475 -0.2634717 0.02265288 1.83741559 1.05685956
-0.4742393 -0.8400475  0.2634717 0.02265288 1.30417706 4.19845221
 0.4742393 -0.8400475 -0.2634717 0.02265288 1.83741559 5.22632575
-0.4742393  0.8400475 -0.2634717 0.02265288 1.83741559 2.08473309
-0.4742393 -0.8400475 -0.2634717 0.02265288 1.83741559 4.19845221
 0.2634717  0.8400475  0.4742393 0.02265288 1.07669656 1.26687412
-0.2634717  0.8400475  0.4742393 0.02265288 1.07669656 1.87471854
 0.2634717 -0.8400475  0.4742393 0.02265288 1.07669656 5.01631119
 0.2634717  0.8400475 -0.4742393 0.02265288 2.06489610 1.26687412
-0.2634717 -0.8400475  0.4742393 0.02265288 1.07669656 4.40846677
 0.2634717 -0.8400475 -0.4742393 0.02265288 2.06489610 5.01631119
-0.2634717  0.8400475 -0.4742393 0.02265288 2.06489610 1.87471854
-0.2634717 -0.8400475 -0.4742393 0.02265288 2.06489610 4.40846677
 0.5984126  0.1816641  0.7803207 0.02324566 0.67561780 0.29473485
-0.5984126  0.1816641  0.7803207 0.02324566 0.67561780 2.84685780
 0.5984126 -0.1816641  0.7803207 0.02324566 0.67561780 5.98845046
 0.5984126  0.1816641 -0.7803207 0.02324566 2.46597486 0.29473485
-0.5984126 -0.1816641  0.7803207 0.02324566 0.67561780 3.43632750
 0.5984126 -0.1816641 -0.7803207 0.02324566 2.46597486 5.98845046
-0.5984126  0.1816641 -0.7803207 0.02324566 2.46597486 2.84685780
-0.5984126 -0.1816641 -0.7803207 0.02324566 2.46597486 3.43632750
 0.1816641  0.5984126  0.7803207 0.02324566 0.67561780 1.27606148
-0.1816641  0.5984126  0.7803207 0.02324566 0.67561780 1.86553118
 0.1816641 -0.5984126  0.7803207 0.02324566 0.67561780 5.00712383
 0.1816641  0.5984126 -0.7803207 0.02324566 2.46597486 1.27606148
-0.1816641 -0.5984126  0.7803207 0.02324566 0.67561780 4.41765413
 0.1816641 -0.5984126 -0.7803207 0.02324566 2.46597486 5.00712383
-0.1816641  0.5984126 -0.7803207 0.02324566 2.46597486 1.86553118
-0.1816641 -0.5984126 -0.7803207 0.02324566 2.46597486 4.41765413
 0.7803207  0.5984126  0.1816641 0.02324566 1.38811790 0.65421730
-0.7803207  0.5984126  0.1816641 0.02324566 1.38811790 2.48737536
 0.7803207 -0.5984126  0.1816641 0.02324566 1.38811790 5.62896801
 0.7803207  0.5984126 -0.1816641 0.02324566 1.75347476 0.65421730
-0.7803207 -0.5984126  0.1816641 0.02324566 1.38811790 3.79580995
 0.7803207 -0.5984126 -0.1816641 0.02324566 1.75347476 5.62896801
-0.7803207  0.5984126 -0.1816641 0.02324566 1.75347476 2.48737536
-0.7803207 -0.5984126 -0.1816641 0.02324566 1.75347476 3.79580995
 0.7803207  0.1816641  0.5984126 0.02324566 0.92927793 0.22873266
-0.7803207  0.1816641  0.5984126 0.02324566 0.92927793 2.91285999
 0.7803207 -0.1816641  0.5984126 0.02324566 0.92927793 6.05445265
 0.7803207  0.1816641 -0.5984126 0.02324566 2.21231472 0.22873266
-0.7803207 -0.1816641  0.5984126 0.02324566 0.92927793 3.37032531
 0.7803207 -0.1816641 -0.5984126 0.02324566 2.21231472 6.05445265
-0.7803207  0.1816641 -0.5984126 0.02324566 2.21231472 2.91285999
-0.7803207 -0.1816641 -0.5984126 0.02324566 2.21231472 3.37032531
 0.5984126  0.7803207  0.1816641 0.02324566 1.38811790 0.91657903
-0.5984126  0.7803207  0.1816641 0.02324566 1.38811790 2.22501362
 0.5984126 -0.7803207  0.1816641 0.02324566 1.38811790 5.36660628
 0.5984126  0.7803207 -0.1816641 0.02324566 1.75347476 0.91657903
-0.5984126 -0.7803207  0.1816641 0.02324566 1.38811790 4.05817169
 0.5984126 -0.7803207 -0.1816641 0.02324566 1.75347476 5.36660628
-0.5984126  0.7803207 -0.1816641 0.02324566 1.75347476 2.22501362
-0.5984126 -0.7803207 -0.1816641 0.02324566 1.75347476 4.05817169
 0.1816641  0.7803207  0.5984126 0.02324566 0.92927793 1.34206367
-0.1816641  0.7803207  0.5984126 0.02324566 0.92927793 1.79952899
 0.1816641 -0.7803207  0.5984126 0.02324566 0.92927793 4.94112164
 0.1816641  0.7803207 -0.5984126 0.02324566 2.21231472 1.34206367
-0.1816641 -0.7803207  0.5984126 0.02324566 0.92927793 4.48365632
 0.1816641 -0.7803207 -0.5984126 0.02324566 2.21231472 4.94112164
-0.1816641  0.7803207 -0.5984126 0.02324566 2.21231472 1.79952899
-0.1816641 -0.7803207 -0.5984126 0.02324566 2.21231472 4.48365632
 0.3791035  0.1720795  0.9092135 0.02153756 0.42940536 0.42610211
-0.3791035  0.1720795  0.9092135 0.02153756 0.42940536 2.71549054
 0.3791035 -0.1720795  0.9092135 0.02153756 0.42940536 5.85708320
 0.3791035  0.1720795 -0.9092135 0.02153756 2.71218729 0.42610211
-0.3791035 -0.1720795  0.9092135 0.02153756 0.42940536 3.56769476
 0.3791035 -0.1720795 -0.9092135 0.02153756 2.71218729 5.85708320
-0.3791035  0.1720795 -0.9092135 0.02153756 2.71218729 2.71549054
-0.3791035 -0.1720795 -0.9092135 0.02153756 2.71218729 3.56769476
 0.1720795  0.3791035  0.9092135 0.02153756 0.42940536 1.14469422
-0.1720795  0.3791035  0.9092135 0.02153756 0.42940536 1.99689844
 0.1720795 -0.3791035  0.9092135 0.02153756 0.42940536 5.13849109
 0.1720795  0.3791035 -0.9092135 0.02153756 2.71218729 1.14469422
-0.1720795 -0.3791035  0.9092135 0.02153756 0.42940536 4.28628687
 0.1720795 -0.3791035 -0.9092135 0.02153756 2.71218729 5.13849109
-0.1720795  0.3791035 -0.9092135 0.02153756 2.71218729 1.99689844
-0.1720795 -0.3791035 -0.9092135 0.02153756 2.71218729 4.28628687
 0.9092135  0.3791035  0.1720795 0.02153756 1.39785603 0.39503906
-0.9092135  0.3791035  0.1720795 0.02153756 1.39785603 2.74655360
 0.9092135 -0.3791035  0.1720795 0.02153756 1.39785603 5.88814625
 0.9092135  0.3791035 -0.1720795 0.02153756 1.74373662 0.39503906
-0.9092135 -0.3791035  0.1720795 0.02153756 1.39785603 3.53663171
 0.9092135 -0.3791035 -0.1720795 0.02153756 1.74373662 5.88814625
-0.9092135  0.3791035 -0.1720795 0.02153756 1.74373662 2.74655360
-0.9092135 -0.3791035 -0.1720795 0.02153756 1.74373662 3.53663171
 0.9092135  0.1720795  0.3791035 0.02153756 1.18196900 0.18704952
-0.9092135  0.1720795  0.3791035 0.02153756 1.18196900 2.95454313
 0.9092135 -0.1720795  0.3791035 0.02153756 1.18196900 6.09613578
 0.9092135  0.1720795 -0.3791035 0.02153756 1.95962366 0.18704952
-0.9092135 -0.1720795  0.3791035 0.02153756 1.18196900 3.32864218
 0.9092135 -0.1720795 -0.3791035 0.02153756 1.95962366 6.09613578
-0.9092135  0.1720795 -0.3791035 0.02153756 1.95962366 2.95454313
-0.9092135 -0.1720795 -0.3791035 0.02153756 1.95962366 3.32864218
 0.3791035  0.9092135  0.1720795 0.02153756 1.39785603 1.17575727
-0.3791035  0.9092135  0.1720795 0.02153756 1.39785603 1.96583538
 0.3791035 -0.9092135  0.1720795 0.02153756 1.39785603 5.10742804
 0.3791035  0.9092135 -0.1720795 0.02153756 1.74373662 1.17575727
-0.3791035 -0.9092135  0.1720795 0.02153756 1.39785603 4.31734992
 0.3791035 -0.9092135 -0.1720795 0.02153756 1.74373662 5.10742804
-0.3791035  0.9092135 -0.1720795 0.02153756 1.74373662 1.96583538
-0.3791035 -0.9092135 -0.1720795 0.02153756 1.74373662 4.31734992
 0.1720795  0.9092135  0.3791035 0.02153756 1.18196900 1.38374680
-0.1720795  0.9092135  0.3791035 0.02153756 1.18196900 1.75784585
 0.1720795 -0.9092135  0.3791035 0.02153756 1.18196900 4.89943850
 0.1720795  0.9092135 -0.3791035 0.02153756 1.95962366 1.38374680
-0.1720795 -0.9092135  0.3791035 0.02153756 1.18196900 4.52533946
 0.1720795 -0.9092135 -0.3791035 0.02153756 1.95962366 4.89943850
-0.1720795  0.9092135 -0.3791035 0.02153756 1.95962366 1.75784585
-0.1720795 -0.9092135 -0.3791035 0.02153756 1.95962366 4.52533946
 0.2778673  0.0821302  0.9571021 0.01954339 0.29396663 0.28739085
-0.2778673  0.0821302  0.9571021 0.01954339 0.29396663 2.85420180
 0.2778673 -0.0821302  0.9571021 0.01954339 0.29396663 5.99579445
 0.2778673  0.0821302 -0.9571021 0.01954339 2.84762603 0.28739085
-0.2778673 -0.0821302  0.9571021 0.01954339 0.29396663 3.42898351
 0.2778673 -0.0821302 -0.9571021 0.01954339 2.84762603 5.99579445
-0.2778673  0.0821302 -0.9571021 0.01954339 2.84762603 2.85420180
-0.2778673 -0.0821302 -0.9571021 0.01954339 2.84762603 3.42898351
 0.0821302  0.2778673  0.9571021 0.01954339 0.29396663 1.28340547
-0.0821302  0.2778673  0.9571021 0.01954339 0.29396663 1.85818718
 0.0821302 -0.2778673  0.9571021 0.01954339 0.29396663 4.99977983
 0.0821302  0.2778673 -0.9571021 0.01954339 2.84762603 1.28340547
-0.0821302 -0.2778673  0.9571021 0.01954339 0.29396663 4.42499813
 0.0821302 -0.2778673 -0.9571021 0.01954339 2.84762603 4.99977983
-0.0821302  0.2778673 -0.9571021 0.01954339 2.84762603 1.85818718
-0.0821302 -0.2778673 -0.9571021 0.01954339 2.84762603 4.42499813
 0.9571021  0.2778673  0.0821302 0.01954339 1.48857350 0.28255396
-0.9571021  0.2778673  0.0821302 0.01954339 1.48857350 2.85903869
 0.9571021 -0.2778673  0.0821302 0.01954339 1.48857350 6.00063134
 0.9571021  0.2778673 -0.0821302 0.01954339 1.65301916 0.28255396
-0.9571021 -0.2778673  0.0821302 0.01954339 1.48857350 3.42414662
 0.9571021 -0.2778673 -0.0821302 0.01954339 1.65301916 6.00063134
-0.9571021  0.2778673 -0.0821302 0.01954339 1.65301916 2.85903869
-0.9571021 -0.2778673 -0.0821302 0.01954339 1.65301916 3.42414662
 0.9571021  0.0821302  0.2778673 0.01954339 1.28922304 0.08560164
-0.9571021  0.0821302  0.2778673 0.01954339 1.28922304 3.05599101
 0.9571021 -0.0821302  0.2778673 0.01954339 1.28922304 6.19758366
 0.9571021  0.0821302 -0.2778673 0.01954339 1.85236961 0.08560164
-0.9571021 -0.0821302  0.2778673 0.01954339 1.28922304 3.22719430
 0.9571021 -0.0821302 -0.2778673 0.01954339 1.85236961 6.19758366
-0.9571021  0.0821302 -0.2778673 0.01954339 1.85236961 3.05599101
-0.9571021 -0.0821302 -0.2778673 0.01954339 1.85236961 3.22719430
 0.2778673  0.9571021  0.0821302 0.01954339 1.48857350 1.28824236
-0.2778673  0.9571021  0.0821302 0.01954339 1.48857350 1.85335029
 0.2778673 -0.9571021  0.0821302 0.01954339 1.48857350 4.99494295
 0.2778673  0.9571021 -0.0821302 0.01954339 1.65301916 1.28824236
-0.2778673 -0.9571021  0.0821302 0.01954339 1.48857350 4.42983502
 0.2778673 -0.9571021 -0.0821302 0.01954339 1.65301916 4.99494295
-0.2778673  0.9571021 -0.0821302 0.01954339 1.65301916 1.85335029
-0.2778673 -0.9571021 -0.0821302 0.01954339 1.65301916 4.42983502
 0.0821302  0.9571021  0.2778673 0.01954339 1.28922304 1.48519468
-0.0821302  0.9571021  0.2778673 0.01954339 1.28922304 1.65639797
 0.0821302 -0.9571021  0.2778673 0.01954339 1.28922304 4.79799062
 0.0821302  0.9571021 -0.2778673 0.01954339 1.85236961 1.48519468
-0.0821302 -0.9571021  0.2778673 0.01954339 1.28922304 4.62678734
 0.0821302 -0.9571021 -0.2778673 0.01954339 1.85236961 4.79799062
-0.0821302  0.9571021 -0.2778673 0.01954339 1.85236961 1.65639797
-0.0821302 -0.9571021 -0.2778673 0.01954339 1.85236961 4.62678734
 0.5033564  0.0899921  0.8593799 0.02264760 0.53674068 0.17691482
-0.5033564  0.0899921  0.8593799 0.02264760 0.53674068 2.96467784
 0.5033564 -0.0899921  0.8593799 0.02264760 0.53674068 6.10627049
 0.5033564  0.0899921 -0.8593799 0.02264760 2.60485197 0.17691482
-0.5033564 -0.0899921  0.8593799 0.02264760 0.53674068 3.31850747
 0.5033564 -0.0899921 -0.8593799 0.02264760 2.60485197 6.10627049
-0.5033564  0.0899921 -0.8593799 0.02264760 2.60485197 2.96467784
-0.5033564 -0.0899921 -0.8593799 0.02264760 2.60485197 3.31850747
 0.0899921  0.5033564  0.8593799 0.02264760 0.53674068 1.39388151
-0.0899921  0.5033564  0.8593799 0.02264760 0.53674068 1.74771114
 0.0899921 -0.5033564  0.8593799 0.02264760 0.53674068 4.88930380
 0.0899921  0.5033564 -0.8593799 0.02264760 2.60485197 1.39388151
-0.0899921 -0.5033564  0.8593799 0.02264760 0.53674068 4.53547416
 0.0899921 -0.5033564 -0.8593799 0.02264760 2.60485197 4.88930380
-0.0899921  0.5033564 -0.8593799 0.02264760 2.60485197 1.74771114
-0.0899921 -0.5033564 -0.8593799 0.02264760 2.60485197 4.53547416
 0.8593799  0.5033564  0.0899921 0.02264760 1.48068236 0.52985372
-0.8593799  0.5033564  0.0899921 0.02264760 1.48068236 2.61173893
 0.8593799 -0.5033564  0.0899921 0.02264760 1.48068236 5.75333159
 0.8593799  0.5033564 -0.0899921 0.02264760 1.66091030 0.52985372
-0.8593799 -0.5033564  0.0899921 0.02264760 1.48068236 3.67144637
 0.8593799 -0.5033564 -0.0899921 0.02264760 1.66091030 5.75333159
-0.8593799  0.5033564 -0.0899921 0.02264760 1.66091030 2.61173893
-0.8593799 -0.5033564 -0.0899921 0.02264760 1.66091030 3.67144637
 0.8593799  0.0899921  0.5033564 0.02264760 1.04331753 0.10433717
-0.8593799  0.0899921  0.5033564 0.02264760 1.04331753 3.03725548
 0.8593799 -0.0899921  0.5033564 0.02264760 1.04331753 6.17884814
 0.8593799  0.0899921 -0.5033564 0.02264760 2.09827513 0.10433717
-0.8593799 -0.0899921  0.5033564 0.02264760 1.04331753 3.24592982
 0.8593799 -0.0899921 -0.5033564 0.02264760 2.09827513 6.17884814
-0.8593799  0.0899921 -0.5033564 0.02264760 2.09827513 3.03725548
-0.8593799 -0.0899921 -0.5033564 0.02264760 2.09827513 3.24592982
 0.5033564  0.8593799  0.0899921 0.02264760 1.48068236 1.04094261
-0.5033564  0.8593799  0.0899921 0.02264760 1.48068236 2.10065005
 0.5033564 -0.8593799  0.0899921 0.02264760 1.48068236 5.24224270
 0.5033564  0.8593799 -0.0899921 0.02264760 1.66091030 1.04094261
-0.5033564 -0.8593799  0.0899921 0.02264760 1.48068236 4.18253526
 0.5033564 -0.8593799 -0.0899921 0.02264760 1.66091030 5.24224270
-0.5033564  0.8593799 -0.0899921 0.02264760 1.66091030 2.10065005
-0.5033564 -0.8593799 -0.0899921 0.02264760 1.66091030 4.18253526
 0.0899921  0.8593799  0.5033564 0.02264760 1.04331753 1.46645916
-0.0899921  0.8593799  0.5033564 0.02264760 1.04331753 1.67513350
 0.0899921 -0.8593799  0.5033564 0.02264760 1.04331753 4.81672615
 0.0899921  0.8593799 -0.5033564 0.02264760 2.09827513 1.46645916
-0.0899921 -0.8593799  0.5033564 0.02264760 1.04331753 4.60805181
 0.0899921 -0.8593799 -0.5033564 0.02264760 2.09827513 4.81672615
-0.0899921  0.8593799 -0.5033564 0.02264760 2.09827513 1.67513350
-0.0899921 -0.8593799 -0.5033564 0.02264760 2.09827513 4.60805181
